16809984|16842751
16875520|16908287
16941056|16973823
17072128|17104895
17465344|17498111
18087936|18153471
19791872|19922943
28540928|28573695
147923968|147924479
243271680|243272703
248446976|248512511
291225600|291227647
291231744|291233791
291280896|291282943
385933824|385934335
386572288|386576383
386605056|386609151
386633728|386637823
386648064|386648319
386648576|386649087
386653184|386654207
386715648|386719743
386752512|386760703
388087808|388091903
388231168|388235263
388530176|388538367
388554752|388558847
388640768|388644863
388665344|388666367
389038080|389043711
389369856|389378047
389582848|389586943
389898240|389902335
398580736|398581759
398598144|398606335
398645760|398646271
398927872|398928895
399006208|399006719
399017984|399019007
399174656|399175679
399550464|399551487
399589376|399590399
399619072|399619327
400340992|400342015
400379904|400383999
400410368|400410623
456589312|456654847
459548672|459550719
461049856|461050879
461504512|461570047
461602816|461619199
462487552|462553087
469630976|469696511
576908288|576908799
576912384|576912895
577178624|577179135
620726272|620727295
736382976|736384255
736384512|736385023
736412672|736413695
736439296|736440319
736445440|736446463
736447488|736448511
736461824|736462847
736465920|736466943
736500480|736500735
737110016|737110271
737177600|737178623
737228800|737229823
737513472|737514495
737589248|737590271
737593088|737593343
737622016|737623039
737746944|737747967
737753088|737757183
737765376|737768447
737922048|737923071
737981440|737982463
738100224|738101247
738147328|738148351
738193408|738194431
757609472|757610495
759188480|759189503
759191552|759192575
759216128|759217151
760972288|760973311
762331136|762332159
762350592|762351615
762395648|762396159
762401792|762402815
762517504|762517759
762524160|762524671
762541568|762541823
762632192|762633215
762695680|762696703
762919936|762920959
762982400|762983423
763199488|763200511
763215360|763215615
763225088|763226111
763289600|763290623
763313152|763314175
765132288|765132543
771403776|771404799
771506176|771507199
794392576|794392831
804653056|804654079
804665344|804665855
822099968|822116351
825229312|825360383
825419776|825420799
837025792|837287935
837615616|837681151
961122304|961124351
962408448|962412543
973602816|973864959
977272832|977305599
978485248|978501631
979435520|979463935
979464192|979468287
981991424|982122495
982712320|982745087
984973312|985006079
999936000|999937023
1023901696|1023934463
1024655360|1024720895
1025294848|1025295103
1025299968|1025300223
1026490624|1026491135
1026491904|1026494207
1026494464|1026494719
1026494976|1026495743
1026496256|1026496511
1026497024|1026497279
1026497536|1026497791
1026498048|1026501631
1026502400|1026502911
1026503680|1026503935
1026504960|1026506751
1026507520|1026508799
1026510848|1026512895
1026514944|1026515455
1026515968|1026516479
1026516992|1026518015
1026519040|1026523135
1029308416|1029439487
1071560704|1071560959
1117766656|1117766911
1163813120|1163813375
1163814912|1163815167
1224141312|1224142847
1224152576|1224153087
1224165376|1224166399
1317991424|1317992447
1581936640|1581938687
1611016448|1611016703
1611251456|1611251711
1611686912|1611687935
1611693568|1611694079
1611788288|1611792383
1612595200|1612611583
1694503936|1694504447
1696653312|1696653823
1697841152|1697906687
1701576704|1701707775
1728159744|1728161791
1728212992|1728214015
1728266240|1728267263
1728294912|1728295935
1728355328|1728356351
1728370688|1728371711
1728373760|1728374783
1728387072|1728388095
1728410624|1728412671
1728451584|1728452607
1728487936|1728488191
1728488704|1728488959
1728493056|1728493567
1728516096|1728517119
1728526336|1728527359
1728610304|1728611327
1728630784|1728631807
1728766976|1728767999
1728775680|1728776191
1728777216|1728778239
1728912384|1728913407
1728959488|1728960511
1728963584|1728964607
1728972800|1728973823
1728976896|1728977151
1729012736|1729013759
1729016320|1729016575
1729044480|1729044991
1729073152|1729074175
1729154048|1729155071
1729199872|1729200127
1729231104|1729231359
1729325056|1729326079
1729394688|1729394943
1729416192|1729417215
1729435648|1729436671
1729541120|1729542143
1729591296|1729592319
1729593344|1729593855
1729623552|1729623807
1729716224|1729717247
1729762304|1729763327
1729803264|1729804287
1729848320|1729849343
1729873920|1729874943
1729913856|1729914879
1729920000|1729921023
1730001920|1730002943
1730033408|1730033663
1730051072|1730052095
1730371584|1730372607
1730704384|1730705407
1730708480|1730713599
1730720768|1730723839
1730755072|1730755583
1730761728|1730762751
1730906112|1730906367
1730929920|1730930175
1730948096|1730948351
1730992128|1730993151
1731154944|1731155967
1731202048|1731202303
1731251200|1731252223
1731280896|1731281919
1731302400|1731302911
1731398144|1731398655
1731411968|1731412991
1731452928|1731453951
1731657984|1731658495
1731671552|1731672063
1731672832|1731673087
1731693568|1731694591
1731892224|1731893247
1732032768|1732033023
1732237312|1732239359
1732411392|1732412415
1732641792|1732642815
1732703232|1732704255
1732967424|1732968447
1733019648|1733020159
1733080064|1733081087
1733120512|1733121023
1733308416|1733309439
1733321728|1733322239
1733329152|1733329407
1733351424|1733352447
1733407744|1733407999
1733469440|1733469695
1733483008|1733483263
1733543936|1733544959
1733701632|1733702655
1733810432|1733810687
1733961728|1733962751
1734065152|1734066175
1734069248|1734070271
1734109440|1734109695
1734190592|1734190847
1734337536|1734338559
1734476800|1734477823
1734481920|1734482943
1734820608|1734820863
1734914816|1734915071
1734953216|1734953471
1734968320|1734968575
1735002112|1735003135
1735083520|1735083775
1735143680|1735143935
1735212032|1735213055
1735449600|1735450111
1735464960|1735465471
1735470080|1735470335
1735470848|1735471103
1735503872|1735504895
1735668224|1735668735
1735742464|1735743487
1735946240|1735947263
1735980544|1735980799
1735991296|1735991551
1736060160|1736060415
1736077312|1736078335
1736111360|1736111615
1736121600|1736121855
1736266240|1736266495
1736268800|1736269823
1736374272|1736375295
1736398848|1736399359
1736510720|1736511487
1736619008|1736619519
1736647424|1736647679
1736689664|1736690687
1736928768|1736929279
1736978432|1736979455
1737009152|1737009407
1737029632|1737029887
1737030656|1737031167
1737036288|1737036543
1737080320|1737080831
1737086976|1737087487
1737133056|1737133567
1737142272|1737143295
1737190400|1737190655
1737300480|1737300991
1737324544|1737325055
1737353216|1737353471
1737501696|1737501951
1737542400|1737542655
1737662464|1737662975
1737874944|1737875455
1737910784|1737911295
1737917440|1737917951
1737961984|1737962495
1737966592|1737967103
1738013696|1738014207
1738028288|1738028543
1738110464|1738110719
1738163712|1738164223
1738169856|1738170367
1738228224|1738228479
1738305280|1738305535
1738315264|1738315775
1738474240|1738474495
1738574848|1738575359
1738604544|1738604799
1738680832|1738681087
1738697728|1738698239
1738793216|1738793471
1738822912|1738823167
1740695552|1740696575
1740901376|1740901887
1740938752|1740939263
1741026304|1741027327
1741090816|1741091071
1741138432|1741138943
1741188096|1741188607
1741425664|1741425919
1741529088|1741529599
1741603840|1741604863
1741605888|1741606911
1741690880|1741691903
1741720064|1741720575
1741739008|1741740031
1741762560|1741763583
1741854720|1741855231
1741923328|1741923583
1741956096|1741957119
1741992960|1741993983
1742064640|1742065663
1742087168|1742088191
1742233600|1742234111
1742455808|1742456063
1742798336|1742798591
1742804992|1742806015
1742841856|1742842367
1742996480|1742997503
1743084544|1743085567
1743088640|1743089663
1743160320|1743161343
1743267840|1743268863
1743372288|1743373311
1743374336|1743375359
1743797248|1743798271
1743854592|1743856639
1743861248|1743861759
1743949824|1743950847
1744100352|1744100607
1744138240|1744139263
1744151552|1744152575
1744168960|1744169983
1744179200|1744180223
1744181248|1744182271
1744187904|1744188159
1744223232|1744224255
1744256000|1744257023
1744258048|1744258559
1744258816|1744259071
1744427008|1744428031
1744652288|1744653311
1744663808|1744664063
1744667648|1744668671
1744768256|1744768511
1749114880|1749123071
1749139456|1749147647
1749860608|1749861631
1750778368|1750779903
1750781952|1750790143
1753515776|1753516031
1778417664|1778450431
1805021952|1805022207
1805277696|1805277951
1805327104|1805327359
1805329920|1805330431
1805330944|1805331199
1805332992|1805333247
1805335296|1805335551
1847768064|1847768319
1847768832|1847769343
1847778304|1847779327
1848705024|1848770559
1850513408|1850514431
1850572800|1850629631
1850630144|1850671103
1856241664|1856307199
1856503808|1856765951
1861115904|1861116159
1861120000|1861121791
1867776000|1867841535
1868346368|1868347391
1876893696|1876901887
1887010816|1887019007
1888354304|1888485375
1897263104|1897265151
1899298816|1899364351
1919746048|1919811583
1920991232|1921056767
1921187840|1921253375
1931444224|1931460607
1933770752|1933836287
1935081472|1935147007
1941059584|1941061631
1950015488|1950023679
1950650368|1950654463
1952054272|1952055295
1959572480|1959573503
1959678208|1959678463
1959686144|1959687167
1959689216|1959690239
1960210432|1960210943
1966014464|1966079999
1970917376|1970921471
1981513728|1981515007
1981515264|1981517311
1990983680|1991245823
1992374272|1992374783
1992378112|1992378367
1992489472|1992489983
1993736704|1993737727
1993740288|1993744383
1993832448|1993834495
1997076480|1997076735
1997077248|1997077503
1998520320|1998553087
1998562048|1998562303
1999257600|1999273983
1999503360|1999568895
2000379904|2000388095
2000633856|2000642047
2001469440|2001534975
2003746816|2003763199
2007027712|2007031807
2015223296|2015223551
2046820352|2046822399
2047512576|2047513087
2056263680|2056265727
2056912896|2057043967
2079490048|2079506431
2080193536|2080194559
2083053568|2083057663
2087518208|2087519231
2087524352|2087526399
2088239104|2088435711
2090659840|2090663935
2090696704|2090729471
2098724864|2098987007
2100872704|2100872959
2111168512|2111176703
2113728512|2113730559
2113811456|2113812479
2147558144|2147558399
2147559168|2147559423
2147560448|2147560703
2147569408|2147569663
2147576832|2147577087
2179196416|2179196927
2179200000|2179200511
2192609280|2192609535
2192610304|2192610559
2260992000|2261057535
2261569536|2261570047
2263613440|2263678975
2263749632|2263750143
2302373888|2302374911
2303979264|2303979519
2332397568|2332398591
2354233856|2354234111
2358575104|2358640639
2380431872|2380432127
2405199360|2405199871
2416261888|2416262143
2429603584|2429603839
2451044352|2451045375
2455248896|2455251199
2455251456|2455257087
2469527552|2469593087
2522813440|2522816511
2522824704|2522832639
2522832896|2522834943
2523597824|2523598847
2523601920|2523602943
2523651072|2523652095
2523766784|2523774975
2552296704|2552297727
2583582720|2583582975
2596930048|2596930815
2644974848|2644975103
2645753856|2645819391
2653856768|2653859839
2657878016|2657943551
2676678656|2676686847
2680160256|2680225791
2699955200|2699956223
2706538496|2706571263
2714238976|2714304511
2717253632|2717319167
2728315904|2728316415
2732283392|2732283647
2737619968|2737620991
2737621248|2737622015
2737812224|2737812479
2746552320|2746552831
2746561536|2746562559
2759000064|2759065599
2781937664|2782003199
2813583360|2813591551
2826436608|2826502143
2869166080|2869428223
2875195392|2875719679
2890138624|2890139647
2890164224|2890165247
2890196992|2890198015
2890199040|2890200063
2892990976|2892991231
2917055488|2917056511
2947603456|2947604479
3028287488|3028353023
3031695360|3031760895
3031891968|3031957503
3033716736|3033717759
3033972736|3033980927
3034478592|3034479615
3034484736|3034486783
3034487296|3034488831
3054567424|3054632959
3056750592|3056754687
3056861184|3056992255
3059580928|3059613695
3068657664|3068723199
3070167040|3070169087
3075997696|3076128767
3076171776|3076173823
3088449536|3088515071
3088840704|3088842751
3088868352|3088868607
3088912384|3088912895
3088931328|3088931839
3090291712|3090292223
3090361344|3090362367
3092381696|3092447231
3092576768|3092577279
3092635136|3092635391
3108938752|3108939775
3117352960|3117353215
3118520576|3118520831
3223955968|3223956223
3224832256|3224832511
3224834560|3224835071
3227798784|3227799039
3227867904|3227868159
3227931392|3227931647
3228362240|3228362495
3230745856|3230746111
3231119616|3231120383
3233590272|3233590527
3234592512|3234592767
3234807808|3234808063
3234853376|3234853631
3255120128|3255120383
3284043008|3284043263
3291769088|3291769343
3291871232|3291872255
3325128704|3325129215
3355431168|3355431423
3389026048|3389026303
3389027584|3389028607
3389211648|3389212671
3389345792|3389349887
3389394944|3389399039
3389413888|3389414143
3389416448|3389416959
3389418240|3389418495
3389471488|3389471743
3389538560|3389540351
3389541888|3389542399
3389543424|3389544447
3389608192|3389608447
3389610496|3389610751
3389802752|3389803263
3389808896|3389809151
3389814016|3389814527
3389945088|3389945343
3389957120|3389957375
3390335232|3390335487
3390409728|3390409983
3390410752|3390411007
3390412032|3390412287
3390437888|3390438143
3390441472|3390443519
3390832640|3390963711
3391725568|3391733759
3391823872|3391827967
3391881216|3391885311
3391889408|3391893503
3391894528|3391895551
3391897600|3391898367
3391898624|3391900159
3391905792|3391906047
3391913984|3391914239
3391914496|3391915007
3391915776|3391916287
3391916544|3391918591
3391919104|3391920127
3391930368|3391946751
3392135168|3392143359
3392406528|3392407551
3392637952|3392638975
3392765952|3392782335
3392830976|3392831231
3392861184|3392861439
3392978944|3392983039
3393554432|3393556479
3393679360|3393683455
3394297856|3394306047
3394724864|3394725887
3394896896|3394897919
3394965504|3394967551
3395104768|3395108863
3395176704|3395176959
3395177472|3395177983
3395181056|3395181567
3395200512|3395200767
3395201024|3395202047
3395219456|3395223551
3397003264|3397005311
3397026304|3397026815
3397211136|3397211647
3397340928|3397341183
3397451776|3397468159
3397504000|3397505023
3397746688|3397763071
3398156288|3398164479
3398352896|3398361087
3398402048|3398418431
3398742016|3398746111
3398768640|3398770687
3398787072|3398795263
3398894592|3398895615
3398903808|3398905855
3398938624|3398942719
3399633920|3399634943
3400167424|3400171519
3400273920|3400274943
3400388608|3400392703
3400548352|3400581119
3400925184|3400933375
3401023488|3401056255
3406077952|3406078207
3406514688|3406514943
3407161856|3407162367
3407642624|3407643135
3407998976|3407999231
3409876992|3409878015
3410911232|3410915327
3410920192|3410920447
3411032064|3411032319
3411637248|3411638271
3412298752|3412299263
3412327424|3412327935
3412426752|3412428287
3412428800|3412434943
3412819968|3412852735
3413180416|3413213183
3413263360|3413264383
3413270528|3413278719
3413524480|3413540863
3413737472|3413744127
3413745408|3413747455
3413747712|3413748223
3413748480|3413749503
3413749760|3413751039
3413751296|3413751551
3413752064|3413752575
3413752832|3413753855
3414327296|3414335487
3414413312|3414417407
3415244800|3415277567
3415306240|3415308287
3415343104|3415425023
3415506944|3415556095
3415605248|3415737599
3415737856|3415738879
3415739136|3415740159
3415740416|3415741695
3415741952|3415742207
3415742464|3415746047
3415746304|3415746815
3415747072|3415747839
3415748352|3415749375
3415749632|3415750143
3415750400|3415751423
3415752192|3415752703
3415814656|3415815167
3415834624|3415838719
3415842816|3415851007
3415867392|3416047615
3416064000|3416131583
3416154112|3416215551
3416218624|3416260607
3416261632|3416262655
3416295680|3416295935
3416920064|3416921087
3416928768|3416929279
3416948736|3416981503
3417055232|3417112575
3417915392|3417939967
3417947136|3417947391
3418095616|3418111999
3418290688|3418291199
3418365952|3418374143
3418578944|3418583039
3419356928|3419357183
3419471872|3419504639
3419520768|3419521023
3460944640|3460944895
3480595712|3480595967
3498015232|3498015487
3498027008|3498027263
3498037504|3498037759
3498039808|3498040063
3498040832|3498041087
3508280064|3508280319
3520391936|3520392191
3523280896|3523297279
3523510272|3523518463
3528884224|3528908799
3534787328|3534787583
3535480576|3535480831
3536551936|3536568319
3537174528|3537190911
3539353600|3539402751
3560705280|3560705535
3565047808|3565048063
3650224128|3650224383
3663996416|3663996671
3663998464|3663998975
3664003584|3664003839
3700978688|3700979711
3716169728|3716171519
3716171776|3716172031
3716172288|3716173055
3716173312|3716173567
3716173824|3716174079
3716174336|3716175615
3716176896|3716178175
3716178944|3716179967
3716181760|3716182783
3716183296|3716183551
3716184064|3716184319
3716184576|3716184831
3716185088|3716186111
3732602880|3732668415
3742892032|3742957567
3743006720|3743014911
3743137792|3743154175
3754688512|3754950655
